75 315
47 16
50 27
9 15
39 10
19 37
61 40
74 71
33 28
7 29
73 34
64 33
8 6
40 42
50 21
4 55
8 52
29 18
20 32
23 18
20 75
52 63
45 31
10 6
49 71
62 11
32 13
68 54
29 47
71 55
48 21
16 37
53 23
39 55
55 25
73 75
10 56
66 31
8 34
32 23
41 55
65 26
54 52
62 18
16 65
41 15
68 71
60 25
18 57
42 28
34 32
62 55
9 54
48 9
24 21
33 50
70 37
20 74
20 47
62 27
65 4
21 60
39 72
57 59
38 2
15 48
13 20
58 25
44 71
55 24
46 8
35 53
23 28
4 50
29 41
71 11
27 73
71 50
26 17
3 59
33 3
7 48
4 15
8 14
21 2
22 14
6 55
36 16
72 9
66 3
58 1
57 60
54 64
30 24
61 2
69 58
55 46
34 46
22 70
68 35
50 29
40 26
32 7
26 18
63 49
41 50
20 65
47 75
9 56
17 14
52 46
51 75
17 15
20 15
32 73
56 26
8 66
11 9
49 61
20 41
71 1
45 35
62 45
66 5
71 75
68 8
32 30
48 54
20 70
51 16
70 2
36 22
57 71
53 51
15 58
72 67
12 34
43 45
17 63
71 10
58 19
22 66
72 51
60 8
11 10
63 75
67 44
61 31
31 10
28 20
47 8
62 74
3 49
31 52
37 61
9 75
44 37
27 30
29 9
19 10
54 59
16 3
38 60
64 39
57 41
9 66
23 49
5 67
69 9
42 58
56 66
37 45
73 39
17 20
37 49
26 29
39 36
35 54
37 46
13 47
9 3
24 45
41 18
13 68
30 23
13 50
18 17
50 52
42 53
40 17
8 22
43 44
57 34
39 19
35 12
69 4
7 57
31 75
4 57
68 67
25 44
30 28
58 12
47 61
44 75
67 4
7 1
43 22
51 35
72 27
72 29
66 7
18 74
43 59
68 23
18 33
34 63
75 64
64 74
25 74
4 32
3 26
22 54
24 47
70 35
46 67
66 45
12 10
18 45
75 42
34 65
34 52
62 38
11 46
70 56
38 43
29 27
48 27
6 72
63 33
16 38
20 35
2 69
27 46
6 63
30 70
66 65
28 39
75 55
71 2
10 62
14 9
71 19
29 54
1 44
40 65
11 49
3 34
44 3
3 1
60 53
38 12
20 37
21 42
39 43
11 30
49 73
59 7
11 16
5 68
60 64
7 71
17 35
67 60
66 39
14 40
39 21
42 56
61 23
22 63
59 64
73 3
50 55
9 16
66 4
13 14
30 19
66 62
44 70
3 70
64 5
23 5
75 50
1 6
13 71
39 4
52 69
52 43
4 56
71 39
28 34
49 65
5 13
74 53
12 63
12 23
74 73
61 27
63 20
25 62
73 47
66 47
56 36
17 39
50 15
58 39
