91 135
13 45
48 27
9 15
48 3
19 37
4 85
27 30
33 28
43 90
55 87
59 34
72 31
40 42
63 33
28 34
80 59
78 68
62 36
23 18
20 75
69 82
8 40
5 4
49 76
60 24
32 13
5 6
88 56
79 57
62 86
50 45
53 23
39 19
44 3
6 72
77 25
42 53
53 13
67 83
74 73
65 26
2 62
26 29
16 65
14 40
61 84
60 89
62 37
35 80
34 32
45 83
29 9
85 55
24 21
77 67
84 52
70 82
50 15
68 67
75 64
21 60
25 45
77 69
86 77
91 63
17 20
58 65
52 43
82 2
46 8
6 49
89 74
61 76
2 5
76 11
90 37
71 51
66 79
22 66
82 48
7 48
32 28
8 14
6 68
34 43
87 32
10 62
4 43
32 6
13 47
12 31
11 20
30 24
48 42
72 51
81 46
65 59
72 47
47 61
89 64
37 49
79 42
34 74
31 54
41 50
50 81
18 38
35 75
18 17
56 36
59 7
70 25
87 12
57 41
10 28
20 69
77 81
34 61
3 1
11 10
90 35
82 32
71 70
60 42
67 44
75 25
38 71
58 91
51 16
73 39
36 22
54 38
1 6
15 58
64 78
