75 150
63 70
7 48
61 68
10 60
39 19
68 67
8 14
75 33
33 69
58 12
7 21
53 23
12 63
33 28
26 29
30 24
23 18
56 36
35 54
19 37
6 72
75 60
37 49
5 73
51 16
34 32
57 7
67 44
25 7
16 25
20 52
2 69
62 38
47 61
26 4
53 65
28 34
13 27
64 5
36 22
4 57
23 50
58 28
52 60
53 5
24 21
15 50
71 4
21 37
68 4
9 64
72 63
17 20
3 54
62 21
32 13
50 55
5 68
13 15
75 53
20 75
17 30
43 45
40 57
49 71
57 41
44 11
29 16
4 10
53 22
60 25
22 66
29 6
3 1
52 33
75 64
74 73
38 2
46 68
38 41
55 46
72 51
33 2
42 53
52 43
38 75
71 11
37 13
58 40
25 39
29 12
73 39
13 7
58 71
48 27
10 62
8 56
2 6
23 49
13 47
68 75
22 73
66 4
44 47
46 8
55 19
36 30
65 26
9 7
13 33
75 1
54 59
61 31
29 9
55 43
21 60
43 24
18 29
30 3
66 39
45 35
70 56
9 15
54 23
16 65
40 2
1 6
63 33
3 38
29 69
27 30
18 17
14 40
41 50
25 74
28 70
31 52
54 67
44 3
63 27
11 10
51 33
15 58
58 55
55 57
21 2
28 12
40 42
22 34
59 7
