87 289
20 24
84 21
9 15
20 13
19 37
66 27
41 83
33 28
12 71
65 40
10 57
40 18
40 42
85 28
5 36
14 4
36 20
36 66
23 18
20 75
80 61
53 12
40 53
49 76
20 55
32 13
26 61
35 82
36 63
9 45
34 43
53 23
23 6
55 47
85 53
3 83
75 22
58 86
34 72
74 73
65 26
1 16
25 2
16 65
6 8
34 71
60 25
75 48
24 68
34 32
49 39
30 58
6 36
24 21
63 42
69 10
7 65
67 50
6 34
1 39
21 60
42 14
43 70
86 77
48 84
85 21
40 24
22 1
17 46
46 8
27 47
43 40
73 79
54 17
76 11
34 54
13 14
73 1
76 1
60 31
7 48
17 9
8 14
21 42
74 82
49 57
53 65
50 77
81 87
70 14
54 58
58 17
30 24
77 67
68 74
81 46
6 43
21 51
72 48
12 68
22 14
87 13
26 52
31 54
41 50
38 59
7 29
35 85
51 3
56 36
62 33
51 8
87 12
6 51
45 60
49 40
45 66
65 38
56 14
18 79
45 35
73 55
8 63
80 32
69 76
44 61
38 71
26 62
51 16
44 69
36 22
54 38
1 6
15 58
64 78
60 67
43 45
2 41
57 4
62 53
22 66
72 51
42 6
11 10
46 65
67 44
61 84
59 76
86 54
29 45
58 14
11 83
84 52
61 71
11 87
84 42
27 30
29 9
5 9
80 59
44 55
52 43
4 85
57 41
12 31
71 13
44 53
66 86
79 55
18 25
72 21
73 39
17 20
37 49
26 29
50 32
35 80
5 39
13 47
29 86
43 50
83 63
36 47
22 43
48 66
18 17
58 19
42 53
3 5
24 74
52 55
36 79
39 19
29 40
41 30
61 24
5 4
79 57
68 67
42 73
27 20
58 83
47 61
62 41
58 7
2 5
85 55
75 47
63 1
65 36
78 36
47 66
74 46
21 40
32 27
69 67
75 64
22 7
25 74
27 10
37 85
7 40
2 67
41 33
55 87
34 73
53 7
63 34
2 33
30 66
59 58
62 86
69 82
70 56
79 31
42 81
48 27
6 72
63 33
48 52
10 41
77 69
11 80
61 40
63 59
66 80
82 2
31 20
21 26
10 62
10 8
10 55
41 69
58 69
45 7
30 63
20 82
44 3
3 1
67 83
67 74
67 5
62 29
85 12
29 28
58 72
59 7
13 42
78 68
60 34
19 83
86 79
10 31
24 66
14 40
18 31
23 43
38 58
9 16
26 38
70 5
50 81
77 22
66 79
5 21
60 3
28 34
3 38
82 83
