99 474
56 93
7 48
89 31
82 2
39 19
88 24
8 14
69 4
60 98
93 91
77 24
95 74
91 63
94 57
10 55
26 91
93 25
40 88
2 33
19 37
44 22
5 9
5 15
25 89
49 36
34 32
47 66
67 44
95 82
84 87
94 54
77 69
40 78
49 68
21 18
4 43
28 34
97 8
18 74
20 43
79 57
32 65
64 4
70 38
56 23
24 21
73 41
12 94
73 48
32 7
65 21
98 44
27 76
95 78
79 98
94 86
36 80
66 34
80 12
64 94
24 37
36 10
44 91
8 10
29 33
57 41
3 74
89 91
8 49
76 47
42 37
53 50
61 55
92 1
90 53
67 49
39 82
30 19
96 42
8 64
2 65
72 51
85 47
42 53
3 35
51 12
36 20
5 42
84 12
78 21
95 86
53 25
44 61
82 79
4 88
96 62
40 79
7 57
57 23
52 49
9 23
39 80
73 15
29 7
91 96
5 83
24 69
84 91
69 71
95 3
16 93
80 59
98 36
79 90
70 69
21 60
42 54
24 60
68 33
17 5
90 35
98 56
9 15
78 58
16 65
14 45
99 66
13 77
93 85
22 2
48 43
18 17
89 93
80 76
82 14
84 85
71 9
81 91
84 73
49 25
49 78
69 82
15 93
47 23
25 85
93 92
95 93
40 42
37 34
59 7
22 88
80 75
45 27
2 5
7 17
5 58
26 42
75 51
1 29
66 98
1 79
83 3
61 84
96 10
67 5
86 67
27 17
96 52
30 18
81 86
1 35
56 36
13 47
80 70
81 99
84 38
58 85
25 83
71 70
82 10
10 22
36 61
81 54
73 30
35 50
97 25
27 71
71 5
42 88
80 82
32 1
82 42
48 18
6 68
96 40
27 95
40 26
93 47
99 8
69 18
63 33
61 67
59 16
27 1
58 90
53 85
47 83
82 12
91 80
2 8
34 5
63 65
6 72
49 94
53 45
58 31
59 34
85 55
9 3
75 8
51 71
36 97
62 1
70 34
22 53
55 87
97 2
7 51
11 30
15 16
9 36
73 27
39 58
28 20
7 41
62 42
85 75
20 75
70 74
78 4
43 90
72 66
86 50
26 53
23 18
38 16
62 39
71 72
76 11
89 74
65 88
25 45
42 73
12 49
27 47
65 26
17 90
62 86
50 81
89 82
84 33
92 19
36 39
53 17
69 48
41 50
93 63
58 87
58 46
66 7
48 34
79 83
45 63
87 12
16 55
8 81
73 39
11 44
81 89
52 43
6 40
17 14
55 38
5 4
68 94
69 12
35 80
82 92
78 77
76 15
82 38
86 77
44 96
71 78
66 79
11 86
10 99
4 85
49 48
29 9
48 2
94 89
24 45
32 89
15 20
97 83
16 36
41 28
17 55
9 53
35 2
19 67
2 25
71 46
37 41
28 95
45 75
75 5
11 96
68 38
8 62
70 25
12 42
14 40
19 97
88 39
47 4
86 19
51 16
37 49
80 55
36 81
19 9
80 38
89 98
7 69
47 10
96 78
32 60
70 95
27 36
88 19
15 57
36 57
72 43
59 3
72 38
16 43
95 24
26 95
47 34
33 8
57 9
83 32
62 43
32 13
51 97
88 78
52 19
68 42
19 63
65 79
14 53
23 19
35 92
37 82
53 23
64 77
30 41
32 9
20 98
6 3
11 67
94 80
56 3
74 73
38 71
28 16
60 89
68 67
31 30
2 81
30 10
32 82
73 81
44 28
62 63
72 63
7 24
48 37
48 61
39 13
25 56
66 25
48 71
44 92
51 10
10 74
64 53
65 68
79 33
88 46
15 54
47 61
68 59
60 71
49 76
19 1
13 17
38 35
1 6
3 85
75 64
27 90
64 46
99 91
48 27
52 32
78 68
68 45
38 81
57 75
24 44
63 22
87 13
68 30
17 20
74 86
86 53
49 88
74 58
87 90
3 58
20 35
8 82
61 50
92 21
99 70
43 3
45 86
84 15
65 73
33 28
48 97
55 57
5 14
64 78
67 16
2 50
9 22
82 13
41 78
97 63
53 30
97 66
56 17
70 46
54 38
94 14
92 14
23 39
73 47
84 52
26 29
30 23
1 21
88 91
21 26
37 26
45 83
75 67
95 66
26 51
96 16
