75 112
16 18
7 48
29 9
8 49
39 19
68 67
8 14
10 24
25 74
58 12
12 33
53 23
12 63
33 28
26 29
30 24
23 18
56 36
35 54
19 37
6 72
12 42
37 49
64 61
51 16
34 32
16 31
67 44
41 50
72 23
12 43
2 69
62 38
47 61
63 33
5 65
28 34
42 1
64 5
36 22
4 57
9 15
18 17
40 42
68 40
24 21
66 28
21 17
26 21
9 18
57 45
74 45
17 20
47 31
61 31
32 13
50 55
5 68
21 60
20 67
20 75
37 31
43 45
59 7
49 71
57 41
14 40
28 46
49 12
56 54
60 25
22 66
54 29
3 1
5 43
75 64
74 73
38 2
61 53
27 30
55 46
72 51
61 67
42 53
52 43
1 6
71 11
16 65
31 52
1 22
60 70
73 39
45 35
11 10
48 27
10 62
30 67
32 43
65 14
13 47
56 58
35 3
66 4
18 42
46 8
15 58
44 3
65 26
44 70
70 56
57 29
54 59
