64 214
10 12
47 44
60 53
16 20
56 60
26 31
16 39
7 22
27 62
57 22
41 9
58 17
22 3
6 36
9 45
59 45
17 2
33 27
53 19
51 58
25 56
5 40
17 29
4 35
15 27
18 14
26 36
31 43
41 64
41 15
62 1
38 52
4 18
29 52
32 31
64 24
36 18
13 31
63 13
35 21
24 12
46 19
24 49
62 46
14 29
60 32
5 46
35 59
49 63
40 36
54 44
10 7
52 7
63 33
49 53
14 30
28 4
13 26
37 64
17 52
7 29
46 54
48 37
10 3
52 54
12 28
47 9
18 33
30 55
45 62
20 49
21 56
59 56
1 25
8 34
32 7
13 51
14 62
19 8
51 22
59 29
61 15
50 42
34 58
51 56
20 36
58 14
38 25
63 59
42 30
53 3
57 10
62 13
64 12
44 9
25 44
38 9
6 52
61 10
3 2
6 1
47 25
56 24
15 63
40 10
37 50
19 14
54 53
62 52
6 35
21 10
19 45
57 45
40 11
55 33
32 20
20 9
33 61
50 61
5 60
37 53
10 55
11 42
24 62
27 4
36 43
25 8
7 49
55 15
40 62
43 34
2 52
39 41
28 62
49 50
48 55
51 33
26 64
43 1
62 41
38 50
40 38
42 57
18 21
22 10
59 8
5 64
41 34
49 22
45 47
47 1
41 1
14 15
46 29
50 54
60 11
35 45
25 57
23 60
20 12
60 25
22 55
5 51
55 61
15 7
31 22
45 24
22 37
24 22
14 1
18 41
55 35
30 59
61 49
38 64
7 8
62 38
27 50
52 41
36 16
50 1
48 54
37 51
39 7
4 46
56 2
50 2
40 60
29 63
20 44
24 34
60 19
24 55
59 5
35 14
9 23
46 37
47 59
64 16
2 63
3 6
11 61
13 54
17 22
63 36
41 28
58 15
33 48
46 45
46 18
33 56
46 40
8 61
26 17
