44 330
41 26
9 3
22 36
33 30
1 3
26 31
16 39
12 14
36 43
9 22
8 43
24 10
22 3
19 15
39 43
14 37
36 8
14 10
39 9
22 17
4 24
21 23
35 23
1 26
43 2
18 14
19 25
31 43
40 4
16 10
44 41
26 5
29 42
36 23
30 34
37 33
36 18
40 1
37 13
42 32
24 12
4 42
17 18
25 31
28 26
9 20
2 4
14 1
31 23
22 27
21 14
41 23
41 38
26 8
41 8
44 2
18 38
10 20
13 12
32 26
12 31
14 13
30 26
21 12
2 18
12 28
42 38
35 43
10 22
15 22
44 33
21 44
30 20
1 25
20 24
28 29
27 43
7 36
30 24
21 41
15 37
20 15
41 24
34 23
30 29
11 37
39 36
35 26
35 33
14 20
26 7
9 7
36 17
5 11
5 15
4 43
38 29
16 21
9 15
6 9
1 23
3 17
13 34
43 25
34 12
28 15
29 25
35 41
1 18
20 2
35 36
40 7
20 27
2 36
44 1
8 35
15 34
27 17
6 7
23 7
6 21
10 5
11 42
21 25
27 4
17 6
6 20
30 4
26 19
12 23
19 11
2 19
24 39
38 12
20 29
12 9
31 24
26 39
38 28
38 24
33 1
14 6
42 9
34 26
44 40
21 40
25 20
41 34
27 23
13 15
12 1
28 10
36 16
39 42
41 36
7 39
17 33
44 27
5 24
34 27
38 6
13 27
43 37
31 29
26 21
15 4
20 32
43 32
9 10
12 4
6 44
5 35
22 26
15 44
38 30
4 34
19 12
11 3
11 27
29 34
32 41
41 30
41 4
11 44
19 18
33 27
1 16
37 5
29 37
40 9
8 34
25 2
6 33
36 37
12 8
42 34
41 12
23 43
30 16
20 4
3 6
43 12
10 19
25 27
44 9
31 32
18 23
1 17
9 11
39 33
36 42
13 11
8 20
21 22
34 2
18 4
25 7
25 14
9 25
30 40
15 7
35 21
8 21
26 29
16 32
6 25
35 24
21 37
28 5
19 7
15 8
31 37
19 21
3 26
18 37
3 42
5 34
7 29
6 37
7 37
30 14
6 36
14 26
33 31
17 2
9 31
42 12
14 11
7 4
35 19
34 10
37 22
6 2
32 9
6 22
4 32
35 29
28 25
33 38
22 5
25 33
14 7
36 19
31 44
9 38
28 33
35 4
43 13
7 8
44 30
5 30
23 39
42 18
22 16
31 5
14 44
33 16
17 7
25 8
6 10
4 25
23 17
41 28
10 2
13 26
29 9
34 22
10 37
43 7
18 44
32 40
11 24
21 36
40 29
44 24
15 12
32 23
19 22
34 25
40 11
10 27
11 36
40 35
28 21
3 15
13 21
11 30
21 9
29 36
23 11
14 17
28 14
9 5
28 32
22 33
25 10
3 23
38 43
18 3
37 27
43 1
31 40
5 23
39 41
15 35
27 26
39 21
8 32
15 27
8 4
