54 368
6 1
50 2
43 36
15 6
14 53
45 48
16 39
50 3
39 47
9 22
17 53
49 19
22 3
28 1
49 15
45 30
26 51
52 9
12 39
28 20
32 29
10 34
39 3
23 30
14 3
18 14
47 28
31 43
24 35
46 32
49 48
22 44
26 9
49 24
26 52
52 6
36 18
28 50
50 13
1 33
24 12
35 7
15 2
48 29
7 4
25 46
16 23
13 17
36 12
3 43
10 38
35 37
29 8
3 49
4 32
16 35
12 47
32 19
43 46
37 26
17 34
34 20
7 23
54 47
43 44
12 28
20 26
6 51
44 40
27 19
34 40
21 44
43 16
1 25
25 21
17 6
45 32
49 14
5 16
19 39
19 24
20 15
48 50
34 23
21 5
18 4
35 40
51 53
22 19
23 13
51 39
18 11
44 53
5 25
47 26
48 19
52 23
49 54
14 45
23 11
12 9
28 30
52 54
34 1
21 29
4 24
47 40
44 18
20 49
53 30
38 26
19 45
25 9
33 41
9 37
9 48
43 7
52 8
50 53
44 27
37 53
10 47
11 42
24 10
27 4
29 20
9 24
48 27
33 9
26 39
28 38
2 52
42 3
28 17
37 41
17 52
51 33
10 20
31 2
44 35
3 19
8 30
42 9
33 45
54 25
10 41
32 12
41 34
40 32
14 13
25 20
5 42
15 40
10 37
20 9
8 5
51 35
3 4
24 11
40 19
1 39
18 38
5 51
53 20
53 46
35 32
54 41
4 42
23 15
3 25
34 5
47 35
30 32
43 8
38 54
8 27
47 52
31 46
1 48
51 4
23 54
11 8
40 54
48 28
40 12
38 23
20 3
15 50
29 50
11 19
6 33
53 32
48 39
5 28
30 51
28 22
37 43
26 44
54 16
41 46
3 6
23 27
6 40
1 3
4 17
5 46
46 48
20 41
27 2
47 16
36 4
5 35
8 20
20 11
17 54
28 6
50 38
31 47
6 46
53 24
14 38
35 21
6 44
51 7
46 38
48 31
5 14
39 10
20 12
52 7
40 31
44 17
54 6
4 29
3 16
32 5
13 42
7 29
52 11
16 50
48 37
6 36
51 43
43 54
17 2
39 42
37 36
22 21
9 34
30 47
23 44
47 38
44 30
36 39
46 11
4 46
36 1
26 49
49 38
18 21
21 6
29 30
12 15
19 2
7 38
28 49
52 13
5 24
24 31
15 34
43 42
4 11
31 45
14 37
32 37
7 26
27 26
33 27
25 8
33 48
38 35
25 27
36 38
45 42
13 26
22 31
53 19
45 44
25 11
9 19
46 40
27 37
34 45
4 30
44 24
36 47
54 4
39 40
39 23
40 11
36 25
38 40
33 26
41 25
35 31
24 22
41 9
1 51
4 1
49 4
53 7
3 21
34 50
18 50
32 18
22 43
27 50
24 21
8 36
22 42
43 1
23 37
51 19
39 41
3 30
22 17
25 26
34 27
15 27
41 16
41 31
26 31
28 36
53 8
3 32
13 34
31 32
37 42
34 16
46 10
5 9
36 42
19 5
53 26
20 7
32 44
41 18
15 13
1 46
33 10
8 9
7 54
36 23
14 9
36 40
14 30
49 31
11 16
18 7
25 38
44 46
48 10
6 25
26 43
29 22
46 22
23 17
32 13
