43 468
19 31
7 12
19 27
33 43
26 35
15 25
8 14
23 19
17 5
30 12
4 24
14 4
12 2
5 18
36 32
32 11
4 8
14 39
1 10
43 3
10 19
2 31
1 42
21 33
15 38
14 13
27 36
37 32
7 19
15 32
31 15
13 27
33 35
18 4
36 21
19 6
28 34
31 41
24 39
5 15
4 27
21 5
36 19
6 18
20 39
40 27
36 29
3 18
3 33
1 16
34 3
38 7
5 6
9 26
21 18
1 22
4 17
29 43
2 11
28 8
11 12
6 4
40 18
4 1
23 22
27 41
21 17
2 6
23 39
35 4
33 5
38 36
36 11
3 1
16 22
11 41
28 19
34 37
40 13
8 11
4 13
25 13
39 33
42 24
10 24
1 27
3 6
29 15
41 18
30 2
3 41
35 43
6 28
27 17
30 5
31 7
16 7
40 17
27 34
17 36
13 3
2 13
35 31
7 17
42 37
23 42
10 3
1 40
10 26
6 14
43 40
33 25
17 26
36 23
1 13
8 5
37 8
2 34
19 38
19 5
12 19
11 31
9 15
2 28
16 39
28 35
27 7
18 34
4 28
28 22
30 21
18 17
20 6
16 35
39 40
1 8
32 2
2 17
6 11
11 19
34 41
24 22
15 30
15 40
21 27
40 16
12 23
40 42
8 24
35 42
24 1
15 22
25 38
43 13
29 35
7 30
37 12
13 9
29 8
18 7
7 37
3 28
30 24
16 21
43 21
20 32
27 25
22 3
34 13
30 14
2 40
31 36
41 33
20 35
7 21
16 28
38 1
20 38
11 30
25 5
32 8
29 23
31 42
16 3
13 26
3 23
35 39
1 23
7 22
41 19
41 38
11 13
28 1
35 19
31 16
23 15
15 21
22 29
21 8
20 43
2 33
15 43
34 43
26 23
19 2
43 10
33 31
29 27
37 25
39 1
4 11
12 22
6 25
22 18
28 37
34 22
33 26
5 3
17 25
41 21
3 2
36 22
20 8
37 27
36 24
9 16
19 1
15 8
1 41
35 24
12 14
14 16
20 23
34 8
24 14
11 34
37 18
20 10
38 17
24 40
29 32
30 18
28 25
25 12
23 18
24 28
24 12
8 38
19 26
1 21
39 29
39 32
24 27
29 1
39 17
39 26
32 26
11 42
43 7
8 22
31 24
19 21
20 13
34 14
6 16
41 43
3 24
19 14
30 42
6 34
14 10
10 16
6 9
43 36
20 24
13 30
6 39
38 9
37 13
29 19
10 39
36 9
41 17
13 23
29 41
40 12
13 28
5 9
24 32
25 7
7 33
1 31
7 32
30 27
19 4
39 28
3 40
22 25
30 34
29 9
33 13
35 12
7 41
17 35
41 30
42 10
20 31
40 26
26 15
18 1
12 9
17 32
16 2
5 36
10 25
11 22
30 39
10 21
3 37
29 21
43 24
18 27
38 30
14 40
13 32
7 10
29 16
11 17
13 16
38 24
43 42
4 20
7 2
31 13
35 34
30 8
33 29
12 10
32 1
12 31
13 38
36 13
11 29
43 31
27 5
27 38
20 19
25 35
21 4
27 6
8 3
14 15
2 21
14 21
11 16
35 30
11 20
42 5
5 14
11 33
14 22
5 16
9 32
5 20
39 15
15 35
24 23
32 4
3 17
12 21
19 8
41 37
23 41
22 31
40 33
6 15
37 19
30 29
23 33
35 37
7 24
28 30
36 25
33 38
5 31
25 26
24 9
6 41
9 1
39 43
29 6
13 22
12 38
14 18
40 35
32 3
13 19
30 6
16 37
22 21
8 42
36 4
7 20
2 41
37 40
11 15
10 5
25 9
2 10
12 6
1 6
22 6
10 38
16 38
34 29
22 26
25 30
3 30
5 35
26 42
26 5
35 36
8 33
13 5
41 25
23 14
17 20
29 20
7 26
17 42
24 17
26 41
26 27
26 6
21 3
1 7
33 1
32 14
29 25
42 7
34 9
38 3
33 28
24 13
6 38
20 12
38 5
9 35
35 21
21 25
41 35
15 34
1 12
4 43
22 19
17 9
40 23
34 39
26 37
23 6
29 12
4 12
19 15
26 29
9 7
20 37
17 33
14 33
