79 195
49 50
50 28
9 15
62 61
19 37
9 68
49 52
33 28
61 67
65 29
12 72
49 24
40 42
63 33
28 34
59 67
78 68
29 8
23 18
20 75
69 71
7 3
5 4
49 76
53 8
32 13
26 79
70 56
79 57
62 38
21 76
53 23
60 70
44 3
17 58
28 27
64 76
40 2
39 50
74 73
65 26
47 52
51 34
16 65
14 40
37 44
60 25
62 50
51 29
34 32
39 7
11 55
60 33
24 21
69 45
56 44
3 72
54 10
68 67
75 64
21 60
38 46
77 69
38 77
60 79
67 58
2 35
57 21
71 2
46 8
17 63
25 74
25 19
2 5
76 11
36 43
9 64
60 38
32 11
40 20
7 48
77 60
8 14
56 25
39 10
26 21
10 62
54 17
47 63
15 70
27 50
3 16
30 24
14 20
43 73
55 46
48 67
78 43
3 62
65 45
20 43
52 67
79 29
8 48
41 50
21 32
28 6
6 78
73 21
56 36
59 7
22 19
55 3
57 66
34 78
7 34
55 71
68 74
44 8
56 39
45 35
68 10
55 49
17 7
48 64
32 19
2 76
58 12
51 16
1 68
36 22
22 44
1 6
15 58
64 78
58 73
43 45
21 20
50 51
8 42
22 66
72 51
22 5
11 10
21 62
67 44
61 31
62 20
20 37
5 35
64 34
69 5
31 52
16 33
10 41
66 79
27 30
29 9
49 72
54 59
29 11
52 43
16 20
57 41
67 4
37 12
31 46
50 55
48 27
3 1
79 67
73 39
17 20
37 49
26 29
17 5
35 54
23 2
13 47
58 35
62 32
12 63
21 9
7 72
1 51
18 17
30 6
42 53
31 12
74 10
47 61
6 72
39 19
44 61
61 28
