68 260
50 44
47 44
55 2
62 39
68 7
26 31
16 39
33 65
59 66
57 22
64 11
58 17
22 3
30 27
18 48
11 36
2 41
19 37
2 49
7 13
51 9
14 22
2 24
22 62
15 27
18 14
56 6
31 43
5 10
58 21
55 33
19 67
40 23
47 35
4 24
31 39
36 18
53 9
63 67
11 50
24 12
23 50
45 15
64 21
6 40
60 32
30 3
51 18
42 61
37 32
41 6
55 44
37 67
29 28
33 63
14 30
17 63
67 26
34 52
6 23
45 10
39 21
56 49
30 7
57 41
12 28
16 5
20 6
24 56
10 9
20 49
21 65
37 17
1 25
14 37
48 17
29 60
48 6
9 12
1 48
26 51
61 15
64 68
34 58
65 25
9 32
63 61
52 16
41 55
23 11
50 37
54 68
22 50
34 17
44 9
34 7
26 36
28 10
31 51
26 18
58 3
5 48
65 24
37 11
42 43
33 59
12 41
67 15
17 49
27 68
6 4
19 45
18 6
40 11
18 38
32 20
6 15
49 44
46 33
8 33
37 53
10 55
11 42
35 40
27 4
50 40
25 8
16 10
42 40
61 46
19 11
2 52
39 41
28 62
30 20
10 3
51 33
18 35
43 1
50 18
34 68
7 36
42 57
67 1
53 10
48 61
23 17
41 34
61 41
45 47
53 49
55 22
18 40
19 21
50 54
30 35
53 51
57 55
23 60
11 26
51 30
42 55
5 51
66 38
67 46
56 36
21 30
37 5
57 48
12 67
17 25
55 35
30 59
46 18
38 64
16 4
39 38
57 12
39 28
64 52
45 23
10 52
35 38
53 52
4 34
53 60
6 44
11 8
29 63
13 56
61 17
64 33
28 18
3 8
16 58
9 23
24 67
46 25
64 16
56 67
3 6
27 66
31 13
39 2
6 31
67 22
27 52
33 48
51 54
18 4
3 59
46 40
8 61
42 39
37 60
49 14
55 26
56 40
46 57
59 37
45 50
35 21
35 13
36 43
15 55
25 54
18 1
64 42
11 21
52 66
4 67
7 25
44 2
44 42
15 21
59 5
28 54
66 29
51 50
17 30
48 37
6 36
36 49
46 7
17 2
46 35
16 1
32 51
21 36
49 50
16 59
14 26
3 19
53 19
52 5
4 46
22 24
27 67
62 38
48 4
