29 172
19 5
28 5
28 10
21 10
5 20
29 15
8 14
25 21
12 9
19 8
4 17
24 23
22 3
3 23
20 3
23 19
23 18
13 12
21 23
15 8
14 23
21 3
8 20
29 27
18 25
16 20
16 29
15 16
1 8
22 28
26 29
13 24
7 24
7 12
15 14
16 7
4 20
15 2
25 5
9 22
4 27
1 19
19 29
20 11
29 10
17 11
9 28
20 7
24 1
26 2
3 10
29 14
17 20
6 3
1 28
15 24
26 7
5 29
25 23
12 16
20 10
22 16
28 8
1 18
11 3
27 12
1 2
5 8
18 14
4 13
20 23
22 19
4 29
3 1
18 24
10 25
27 10
20 13
24 17
22 25
7 21
1 11
12 1
28 24
3 18
7 13
10 5
6 5
1 20
15 28
13 29
3 8
17 9
26 25
7 15
17 27
3 13
5 17
28 11
18 20
6 18
23 15
19 4
28 4
9 6
18 9
2 4
9 26
16 10
4 18
20 21
25 28
22 4
26 5
16 11
6 8
5 9
21 22
17 16
4 9
26 23
11 13
14 7
13 8
29 3
4 26
1 6
8 16
23 12
21 29
3 26
18 17
14 2
12 26
19 7
11 27
21 9
20 9
16 3
5 2
25 15
6 26
13 28
10 4
14 4
28 20
20 15
2 28
18 28
27 6
19 15
20 25
11 12
10 23
10 19
11 22
2 6
26 10
24 16
6 25
13 14
15 13
9 14
22 1
21 15
5 23
21 8
24 10
11 2
16 6
27 7
13 9
