24 102
7 13
11 16
11 12
16 4
5 11
5 21
16 22
1 5
14 16
19 4
2 22
23 17
12 4
20 8
1 15
1 8
17 2
5 3
10 23
6 21
6 23
19 12
16 23
5 18
11 24
9 10
7 20
3 10
15 4
10 8
1 18
23 4
24 21
3 19
3 20
20 16
11 1
24 19
11 13
3 21
24 12
11 18
2 19
6 1
24 8
22 21
14 24
10 4
5 15
5 24
10 19
11 2
19 7
1 21
23 9
1 16
4 9
13 18
14 7
7 5
7 8
6 24
2 20
7 23
14 20
12 15
22 6
3 22
5 2
2 3
4 5
21 14
1 24
24 16
22 9
8 11
12 1
6 4
18 17
3 13
9 20
18 24
13 23
1 23
10 14
13 10
13 20
4 13
9 18
19 15
10 5
19 23
2 7
22 14
18 14
8 14
4 18
10 11
4 11
13 2
23 11
17 11
