80 336
66 18
47 44
48 19
21 63
68 7
23 49
16 39
73 25
45 61
80 22
38 40
38 70
22 3
10 55
77 5
53 77
33 76
74 65
48 61
7 13
7 62
31 73
56 15
67 48
62 20
18 14
66 11
31 43
33 30
50 31
25 15
27 10
66 19
6 19
8 15
29 36
36 18
61 46
77 67
5 49
24 12
30 12
77 71
59 37
2 19
60 32
65 75
79 47
6 37
79 35
51 3
17 63
18 63
39 65
23 43
70 9
77 70
35 9
22 40
41 56
17 13
40 2
71 76
48 28
13 20
12 28
11 39
45 78
7 63
69 66
20 78
76 65
2 73
1 25
70 25
32 4
75 31
40 60
20 35
38 51
62 35
71 15
57 18
34 58
35 37
62 74
62 11
43 62
52 41
20 16
80 47
59 68
47 66
46 27
44 9
61 4
50 53
3 54
47 35
37 25
58 50
15 26
34 46
49 57
49 11
71 11
44 7
3 36
58 36
31 46
62 31
19 45
2 21
71 75
70 2
32 20
9 5
43 59
26 32
79 4
37 79
69 55
11 42
8 20
74 72
34 16
25 31
25 63
56 27
68 58
17 18
2 52
59 18
13 72
51 63
23 59
51 33
31 79
7 72
63 67
41 4
10 21
42 80
50 79
9 40
25 28
50 9
41 34
7 17
45 47
66 37
77 22
45 58
63 73
34 12
11 65
45 10
54 18
23 60
71 58
58 12
5 1
5 51
73 17
65 25
40 35
31 8
53 47
33 57
37 68
51 59
55 35
30 59
8 45
38 64
13 65
36 13
73 65
65 33
34 44
52 38
27 45
6 27
70 12
26 57
21 58
6 79
47 4
29 77
34 33
57 11
50 36
4 33
66 38
6 41
9 23
75 9
66 39
64 16
7 27
3 6
6 16
3 20
9 17
71 32
16 29
47 12
76 41
73 30
40 17
8 66
60 78
8 71
26 4
20 52
38 63
34 71
64 56
68 27
27 77
22 8
35 76
35 51
13 57
79 43
58 38
13 6
17 62
63 74
52 66
52 59
17 76
60 27
22 72
37 2
59 5
55 14
66 29
55 17
36 34
48 37
6 36
69 2
2 35
17 2
34 65
69 7
62 66
75 56
78 50
27 80
56 34
2 24
44 23
70 74
72 46
53 65
4 49
62 38
18 25
48 12
10 5
45 79
65 1
3 31
28 62
80 62
76 72
76 47
54 8
4 45
34 63
26 8
34 14
52 42
21 35
54 68
27 21
25 8
33 48
23 38
58 17
50 54
73 53
67 26
2 80
79 19
19 43
54 28
23 57
46 40
49 27
48 49
65 71
65 24
75 76
34 40
53 57
16 28
40 11
45 33
75 7
62 56
18 39
17 24
17 61
14 30
18 43
76 54
10 76
54 41
57 54
74 42
13 26
80 24
17 38
72 20
69 8
56 61
73 66
43 1
25 23
80 67
39 41
60 64
29 55
59 60
76 70
15 74
13 70
73 78
26 31
27 65
70 75
59 63
78 7
